gaillac 2013  1  1   1     5.3    8.1    1.7    0.3    5.2 -999.9 -999.9  330.0
gaillac 2013  1  2   2    -0.1    7.1    6.5    0.0    0.6 -999.9 -999.9  330.0
gaillac 2013  1  3   3    -1.0    6.1    2.8    0.5    4.4 -999.9 -999.9  330.0
gaillac 2013  1  4   4     2.6    9.3    2.4    0.1    0.0 -999.9 -999.9  330.0
gaillac 2013  1  5   5     1.7    6.5    1.1    0.0    0.6 -999.9 -999.9  330.0
gaillac 2013  1  6   6    -3.4    5.9    7.6    0.0    0.0 -999.9 -999.9  330.0
gaillac 2013  1  7   7    -2.5    2.8    2.3    0.1    0.2 -999.9 -999.9  330.0
gaillac 2013  1  8   8    -1.9    0.3    1.9    0.2    0.0 -999.9 -999.9  330.0
gaillac 2013  1  9   9    -3.8   -2.6    4.2    0.0    0.0 -999.9 -999.9  330.0
gaillac 2013  1 10  10    -4.1   -0.7    3.4    0.2    0.0 -999.9 -999.9  330.0
gaillac 2013  1 11  11    -8.2    3.3    8.2    0.0    0.0 -999.9 -999.9  330.0
gaillac 2013  1 12  12    -8.4    2.4    4.0    0.1   17.6 -999.9 -999.9  330.0
gaillac 2013  1 13  13     0.9   12.0    6.2    0.0    1.0 -999.9 -999.9  330.0
gaillac 2013  1 14  14     3.0   10.8    2.0    0.2   11.0 -999.9 -999.9  330.0
gaillac 2013  1 15  15     3.9    6.5    2.0    0.2    0.0 -999.9 -999.9  330.0
gaillac 2013  1 16  16    -0.8   10.9    3.3    0.2    4.8 -999.9 -999.9  330.0
gaillac 2013  1 17  17     5.0   12.2    6.0    0.1    0.2 -999.9 -999.9  330.0
gaillac 2013  1 18  18    -1.7   12.3    9.3    0.0    0.2 -999.9 -999.9  330.0
gaillac 2013  1 19  19    -1.5   12.6    5.9    0.1    7.8 -999.9 -999.9  330.0
gaillac 2013  1 20  20     6.3   10.9    2.9    0.2    3.4 -999.9 -999.9  330.0
gaillac 2013  1 21  21     3.8   11.5    6.4    0.1    0.0 -999.9 -999.9  330.0
gaillac 2013  1 22  22    -0.4   13.2    8.7    0.0    0.2 -999.9 -999.9  330.0
gaillac 2013  1 23  23    -0.8   12.2    6.5    0.3    0.0 -999.9 -999.9  330.0
gaillac 2013  1 24  24     5.7   10.6    4.2    0.3    0.6 -999.9 -999.9  330.0
gaillac 2013  1 25  25     3.9    9.0    5.7    0.3    0.0 -999.9 -999.9  330.0
gaillac 2013  1 26  26    -1.8    8.2    5.6    0.3    0.0 -999.9 -999.9  330.0
gaillac 2013  1 27  27    -1.3    5.6    9.3    0.4    0.0 -999.9 -999.9  330.0
gaillac 2013  1 28  28    -2.8    4.6    2.8    0.3    4.6 -999.9 -999.9  330.0
gaillac 2013  1 29  29     2.5    8.9    3.2    0.2    5.2 -999.9 -999.9  330.0
gaillac 2013  1 30  30     2.1    7.4    5.8    0.4    3.8 -999.9 -999.9  330.0
gaillac 2013  1 31  31    -3.6    7.0   12.2    0.1    0.2 -999.9 -999.9  330.0
gaillac 2013  2  1  32    -6.1    6.0   11.2    0.1    0.0 -999.9 -999.9  330.0
gaillac 2013  2  2  33    -4.3   10.2   11.2    0.2    0.2 -999.9 -999.9  330.0
gaillac 2013  2  3  34    -3.4   12.2   11.9    0.2    0.2 -999.9 -999.9  330.0
gaillac 2013  2  4  35    -1.2   12.4    4.8    0.9    7.6 -999.9 -999.9  330.0
gaillac 2013  2  5  36     6.6   12.2    6.7    0.4    6.6 -999.9 -999.9  330.0
gaillac 2013  2  6  37     1.8   11.1    4.7    0.4   10.6 -999.9 -999.9  330.0
gaillac 2013  2  7  38     5.2   11.8    8.1    0.5    0.2 -999.9 -999.9  330.0
gaillac 2013  2  8  39    -1.5   11.1    9.2    0.4    0.0 -999.9 -999.9  330.0
gaillac 2013  2  9  40     1.9    6.0    4.8    0.5    0.4 -999.9 -999.9  330.0
gaillac 2013  2 10  41     0.0    3.9    6.8    0.6    0.0 -999.9 -999.9  330.0
gaillac 2013  2 11  42    -4.0    0.2    6.6    1.0    0.0 -999.9 -999.9  330.0
gaillac 2013  2 12  43    -3.6    0.6    4.9    0.5    0.0 -999.9 -999.9  330.0
gaillac 2013  2 13  44    -5.6    1.9   10.2    0.6    0.0 -999.9 -999.9  330.0
gaillac 2013  2 14  45    -1.5    1.5    5.3    0.6    0.0 -999.9 -999.9  330.0
gaillac 2013  2 15  46    -4.2    5.8   12.2    0.5    0.0 -999.9 -999.9  330.0
gaillac 2013  2 16  47    -1.6   12.6   10.3    0.9    0.2 -999.9 -999.9  330.0
gaillac 2013  2 17  48     6.2   13.5    6.0    0.8    1.8 -999.9 -999.9  330.0
gaillac 2013  2 18  49     4.8   14.2   11.2    0.9   14.2 -999.9 -999.9  330.0
gaillac 2013  2 19  50     5.5    9.7    7.1    0.7    0.4 -999.9 -999.9  330.0
gaillac 2013  2 20  51     0.0    9.4    6.2    0.5    2.2 -999.9 -999.9  330.0
gaillac 2013  2 21  52    -0.7   11.9    5.7    0.7    0.2 -999.9 -999.9  330.0
gaillac 2013  2 22  53     0.8   15.8    8.3    0.8    0.2 -999.9 -999.9  330.0
gaillac 2013  2 23  54     3.3   17.7    9.3    0.9    0.2 -999.9 -999.9  330.0
gaillac 2013  2 24  55     4.4   16.9   10.4    1.2    3.0 -999.9 -999.9  330.0
gaillac 2013  2 25  56     5.0   18.1    5.5    0.8    1.0 -999.9 -999.9  330.0
gaillac 2013  2 26  57     4.4   13.7   11.9    1.3    0.4 -999.9 -999.9  330.0
gaillac 2013  2 27  58     2.5   15.9    7.0    1.5    0.6 -999.9 -999.9  330.0
gaillac 2013  2 28  59     9.0   15.6   13.3    1.8    0.0 -999.9 -999.9  330.0
gaillac 2013  3  1  60     2.5   14.4    9.7    1.0    0.2 -999.9 -999.9  330.0
gaillac 2013  3  2  61     0.4   17.4   14.6    1.5    1.4 -999.9 -999.9  330.0
gaillac 2013  3  3  62     7.5   11.7    3.1    0.9    6.2 -999.9 -999.9  330.0
gaillac 2013  3  4  63     6.9   11.2    3.6    0.6    2.0 -999.9 -999.9  330.0
gaillac 2013  3  5  64     2.6   12.1   16.7    1.8    0.2 -999.9 -999.9  330.0
gaillac 2013  3  6  65    -2.9   13.3   16.2    2.0    0.0 -999.9 -999.9  330.0
gaillac 2013  3  7  66    -1.2   10.0   16.3    1.9    0.0 -999.9 -999.9  330.0
gaillac 2013  3  8  67    -1.3    0.5    3.1    0.4    0.6 -999.9 -999.9  330.0
gaillac 2013  3  9  68    -3.1    6.1   18.8    1.8    1.6 -999.9 -999.9  330.0
gaillac 2013  3 10  69    -3.7    2.6    8.7    1.2    0.0 -999.9 -999.9  330.0
gaillac 2013  3 11  70    -3.6    2.0    6.6    0.9    0.0 -999.9 -999.9  330.0
gaillac 2013  3 12  71    -0.7   10.0   15.8    2.0    0.0 -999.9 -999.9  330.0
gaillac 2013  3 13  72    -2.2   10.0   16.2    1.5    0.0 -999.9 -999.9  330.0
gaillac 2013  3 14  73    -3.6   10.7   17.9    1.6    0.0 -999.9 -999.9  330.0
gaillac 2013  3 15  74    -0.8   14.2   15.6    1.9    0.0 -999.9 -999.9  330.0
gaillac 2013  3 16  75    -2.0   18.7   19.1    2.4    0.0 -999.9 -999.9  330.0
gaillac 2013  3 17  76    -1.1   22.9   18.7    3.4    0.0 -999.9 -999.9  330.0
gaillac 2013  3 18  77     0.3   17.1   11.7    2.8    0.0 -999.9 -999.9  330.0
gaillac 2013  3 19  78     5.1   18.7   15.6    3.2    0.0 -999.9 -999.9  330.0
gaillac 2013  3 20  79     6.7   20.2   10.9    1.9    0.0 -999.9 -999.9  330.0
gaillac 2013  3 21  80     8.6   15.4    5.0    1.0    1.6 -999.9 -999.9  330.0
gaillac 2013  3 22  81    10.2   13.9    5.4    0.9    4.6 -999.9 -999.9  330.0
gaillac 2013  3 23  82     6.9   22.2   15.8    2.1    0.0 -999.9 -999.9  330.0
gaillac 2013  3 24  83     8.9   19.3   17.4    3.3    0.0 -999.9 -999.9  330.0
gaillac 2013  3 25  84    11.5   18.6   13.1    2.7    8.4 -999.9 -999.9  330.0
gaillac 2013  3 26  85     8.2   18.1   20.7    2.8    0.2 -999.9 -999.9  330.0
gaillac 2013  3 27  86     5.2   15.1   11.2    1.9    1.4 -999.9 -999.9  330.0
gaillac 2013  3 28  87     6.9   18.5   16.8    2.2    0.0 -999.9 -999.9  330.0
gaillac 2013  3 29  88     6.5   23.7   19.6    2.9    3.0 -999.9 -999.9  330.0
gaillac 2013  3 30  89     6.4   14.5   12.3    2.0    5.0 -999.9 -999.9  330.0
gaillac 2013  3 31  90     6.0   15.1   13.0    2.1    7.4 -999.9 -999.9  330.0
gaillac 2013  4  1  91     3.6   12.5   15.8    1.9    2.2 -999.9 -999.9  330.0
gaillac 2013  4  2  92     1.2   17.7   20.7    2.6    0.0 -999.9 -999.9  330.0
gaillac 2013  4  3  93     3.4   15.5    8.7    1.4    1.8 -999.9 -999.9  330.0
gaillac 2013  4  4  94     6.5   12.8   12.9    1.8    3.4 -999.9 -999.9  330.0
gaillac 2013  4  5  95     1.6   17.3   23.1    2.5    0.0 -999.9 -999.9  330.0
gaillac 2013  4  6  96     4.3   19.6   18.2    3.2    0.0 -999.9 -999.9  330.0
gaillac 2013  4  7  97     5.9   13.7    5.2    1.0    1.2 -999.9 -999.9  330.0
gaillac 2013  4  8  98     6.9   16.0   13.4    2.3    0.2 -999.9 -999.9  330.0
gaillac 2013  4  9  99     8.2   20.5   22.3    3.0    0.0 -999.9 -999.9  330.0
gaillac 2013  4 10 100     4.0   22.9   22.3    3.2    0.0 -999.9 -999.9  330.0
gaillac 2013  4 11 101     4.8   22.0   20.7    3.2    0.0 -999.9 -999.9  330.0
gaillac 2013  4 12 102     5.7   17.0   15.9    2.6    0.0 -999.9 -999.9  330.0
gaillac 2013  4 13 103     0.0   17.0   23.0    2.7    0.0 -999.9 -999.9  330.0
gaillac 2013  4 14 104     0.1   18.4   23.9    2.8    0.0 -999.9 -999.9  330.0
gaillac 2013  4 15 105     0.6   21.0   23.5    3.3    0.0 -999.9 -999.9  330.0
gaillac 2013  4 16 106     2.9   19.5   22.5    3.1    0.0 -999.9 -999.9  330.0
gaillac 2013  4 17 107     3.2   23.2   24.2    3.8    0.0 -999.9 -999.9  330.0
gaillac 2013  4 18 108     4.6   23.8   24.7    3.8    0.0 -999.9 -999.9  330.0
gaillac 2013  4 19 109     3.1   23.6   21.7    3.3    0.0 -999.9 -999.9  330.0
gaillac 2013  4 20 110     5.5   23.0   21.5    3.1    0.0 -999.9 -999.9  330.0
gaillac 2013  4 21 111     5.6   27.2   23.7    3.8    0.0 -999.9 -999.9  330.0
gaillac 2013  4 22 112     7.5   23.9   18.2    3.4    0.0 -999.9 -999.9  330.0
gaillac 2013  4 23 113    10.0   19.2    9.2    1.9    0.0 -999.9 -999.9  330.0
gaillac 2013  4 24 114    13.2   24.4   17.2    3.0    0.0 -999.9 -999.9  330.0
gaillac 2013  4 25 115     7.0   26.3   23.5    4.0    0.0 -999.9 -999.9  330.0
gaillac 2013  4 26 116     9.2   26.6   22.6    3.8    0.0 -999.9 -999.9  330.0
gaillac 2013  4 27 117     4.7   26.2   25.8    3.9    0.2 -999.9 -999.9  330.0
gaillac 2013  4 28 118     7.8   28.1   26.3    4.9    0.0 -999.9 -999.9  330.0
gaillac 2013  4 29 119     7.8   27.9   22.6    4.2    1.8 -999.9 -999.9  330.0
gaillac 2013  4 30 120    13.8   22.7   12.0    2.3   21.2 -999.9 -999.9  330.0
gaillac 2013  5  1 121    13.6   18.1    8.7    1.6    8.2 -999.9 -999.9  330.0
gaillac 2013  5  2 122    11.0   16.6   11.6    2.1    0.4 -999.9 -999.9  330.0
gaillac 2013  5  3 123     8.1   16.4   12.2    2.1    4.4 -999.9 -999.9  330.0
gaillac 2013  5  4 124     6.0    7.3    2.4    1.2   17.4 -999.9 -999.9  330.0
gaillac 2013  5  5 125     4.3    7.6    2.6    1.0    7.4 -999.9 -999.9  330.0
gaillac 2013  5  6 126     4.0   10.3    5.3    0.9    0.0 -999.9 -999.9  330.0
gaillac 2013  5  7 127     5.2   19.1   25.8    3.7    0.0 -999.9 -999.9  330.0
gaillac 2013  5  8 128     7.0   21.9   22.1    3.5    0.2 -999.9 -999.9  330.0
gaillac 2013  5  9 129    10.7   20.7   11.8    2.1    7.4 -999.9 -999.9  330.0
gaillac 2013  5 10 130     9.1   24.2   22.5    3.7   11.6 -999.9 -999.9  330.0
gaillac 2013  5 11 131    10.0   21.1   22.5    3.5    0.0 -999.9 -999.9  330.0
gaillac 2013  5 12 132    10.2   20.7   15.5    2.5   11.6 -999.9 -999.9  330.0
gaillac 2013  5 13 133     8.7   13.6    6.6    1.1    9.6 -999.9 -999.9  330.0
gaillac 2013  5 14 134     5.4   15.7   17.2    2.7    0.0 -999.9 -999.9  330.0
gaillac 2013  5 15 135     4.1   17.4   19.2    3.3    0.0 -999.9 -999.9  330.0
gaillac 2013  5 16 136     8.5   18.5   15.1    3.0    0.0 -999.9 -999.9  330.0
gaillac 2013  5 17 137     8.1   19.5   19.2    3.3    0.0 -999.9 -999.9  330.0
gaillac 2013  5 18 138     7.0   22.0   28.5    4.7    0.0 -999.9 -999.9  330.0
gaillac 2013  5 19 139     9.7   22.5   20.8    4.2    0.0 -999.9 -999.9  330.0
gaillac 2013  5 20 140     5.2   25.1   28.5    4.7    0.0 -999.9 -999.9  330.0
gaillac 2013  5 21 141     7.8   28.9   28.2    5.1    0.0 -999.9 -999.9  330.0
gaillac 2013  5 22 142    11.1   30.9   28.8    5.3    0.0 -999.9 -999.9  330.0
gaillac 2013  5 23 143    10.7   29.1   27.2    5.2    0.0 -999.9 -999.9  330.0
gaillac 2013  5 24 144    10.5   30.9   29.1    5.8    0.0 -999.9 -999.9  330.0
gaillac 2013  5 25 145     9.8   32.4   27.2    5.5    2.2 -999.9 -999.9  330.0
gaillac 2013  5 26 146    12.9   26.6   23.5    4.4    2.2 -999.9 -999.9  330.0
gaillac 2013  5 27 147    12.7   24.1   20.7    3.9    0.0 -999.9 -999.9  330.0
gaillac 2013  5 28 148    14.5   22.3   16.0    3.2    0.0 -999.9 -999.9  330.0
gaillac 2013  5 29 149     9.9   22.4   22.3    4.1    0.2 -999.9 -999.9  330.0
gaillac 2013  5 30 150    15.2   21.8    9.7    2.5    2.2 -999.9 -999.9  330.0
gaillac 2013  5 31 151    15.2   23.5   14.2    3.4    2.8 -999.9 -999.9  330.0
gaillac 2013  6  1 152    13.5   21.0    8.1    1.7    2.2 -999.9 -999.9  330.0
gaillac 2013  6  2 153    14.9   25.4   23.9    4.6    0.0 -999.9 -999.9  330.0
gaillac 2013  6  3 154     8.7   28.6   29.5    5.3    0.0 -999.9 -999.9  330.0
gaillac 2013  6  4 155    11.7   30.6   29.2    5.7    0.0 -999.9 -999.9  330.0
gaillac 2013  6  5 156    14.2   32.4   28.5    5.8    0.2 -999.9 -999.9  330.0
gaillac 2013  6  6 157    17.0   23.6    8.8    2.2    0.0 -999.9 -999.9  330.0
gaillac 2013  6  7 158    12.7   28.5   27.4    5.0    0.0 -999.9 -999.9  330.0
gaillac 2013  6  8 159    15.9   22.9    8.4    2.1    4.0 -999.9 -999.9  330.0
gaillac 2013  6  9 160    16.7   21.7    6.5    1.8    8.6 -999.9 -999.9  330.0
gaillac 2013  6 10 161    19.6   27.2   25.3    6.3    0.0 -999.9 -999.9  330.0
gaillac 2013  6 11 162    11.6   26.8   14.3    2.7   28.4 -999.9 -999.9  330.0
gaillac 2013  6 12 163    10.4   26.8   29.0    5.2    0.0 -999.9 -999.9  330.0
gaillac 2013  6 13 164    14.8   25.3   15.8    3.2    0.0 -999.9 -999.9  330.0
gaillac 2013  6 14 165    13.1   15.2    3.8    0.8   15.6 -999.9 -999.9  330.0
gaillac 2013  6 15 166    12.3   18.4    7.5    1.6    1.2 -999.9 -999.9  330.0
gaillac 2013  6 16 167    13.3   23.8   15.6    2.8    6.4 -999.9 -999.9  330.0
gaillac 2013  6 17 168    13.1   23.0   20.8    4.0    0.0 -999.9 -999.9  330.0
gaillac 2013  6 18 169    13.3   23.5   14.2    2.8    0.4 -999.9 -999.9  330.0
gaillac 2013  6 19 170    14.7   19.6    5.9    1.3   29.8 -999.9 -999.9  330.0
gaillac 2013  6 20 171    10.0   18.0   23.1    4.0    0.0 -999.9 -999.9  330.0
gaillac 2013  6 21 172    11.3   19.9   19.4    3.6    0.0 -999.9 -999.9  330.0
gaillac 2013  6 22 173     6.4   24.5   29.8    4.9    0.0 -999.9 -999.9  330.0
gaillac 2013  6 23 174     8.7   27.3   30.1    5.3    0.0 -999.9 -999.9  330.0
gaillac 2013  6 24 175    11.1   29.8   29.5    5.5    0.0 -999.9 -999.9  330.0
gaillac 2013  6 25 176    12.4   32.4   29.4    5.7    0.0 -999.9 -999.9  330.0
gaillac 2013  6 26 177    14.2   33.3   29.5    6.0    0.0 -999.9 -999.9  330.0
gaillac 2013  6 27 178    15.0   33.1   27.4    5.7    0.0 -999.9 -999.9  330.0
gaillac 2013  6 28 179    18.1   31.3   28.1    6.0    0.0 -999.9 -999.9  330.0
gaillac 2013  6 29 180    19.1   30.1   20.5    4.5    0.0 -999.9 -999.9  330.0
gaillac 2013  6 30 181    18.2   32.0   25.5    5.4    0.0 -999.9 -999.9  330.0
gaillac 2013  7  1 182    17.4   35.3   28.0    6.4    0.0 -999.9 -999.9  330.0
gaillac 2013  7  2 183    17.0   35.0   28.5    6.8    0.0 -999.9 -999.9  330.0
gaillac 2013  7  3 184    18.2   28.4   23.5    5.1    0.0 -999.9 -999.9  330.0
gaillac 2013  7  4 185    21.1   31.3   22.5    5.4    0.0 -999.9 -999.9  330.0
gaillac 2013  7  5 186    18.1   28.8   27.8    6.2    0.0 -999.9 -999.9  330.0
gaillac 2013  7  6 187    17.6   29.7   27.1    5.7    0.0 -999.9 -999.9  330.0
gaillac 2013  7  7 188    12.8   33.4   29.9    5.9    0.0 -999.9 -999.9  330.0
gaillac 2013  7  8 189    14.6   38.0   27.9    6.7    0.0 -999.9 -999.9  330.0
gaillac 2013  7  9 190    20.8   32.0   18.1    4.8    2.0 -999.9 -999.9  330.0
gaillac 2013  7 10 191    19.7   31.3   22.8    4.8    0.0 -999.9 -999.9  330.0
gaillac 2013  7 11 192    18.4   36.5   25.3    5.8    0.2 -999.9 -999.9  330.0
gaillac 2013  7 12 193    19.3   29.8   16.3    4.0    0.0 -999.9 -999.9  330.0
gaillac 2013  7 13 194    18.4   33.5   25.0    5.6    0.0 -999.9 -999.9  330.0
gaillac 2013  7 14 195    17.8   31.2   19.0    4.6    5.8 -999.9 -999.9  330.0
gaillac 2013  7 15 196    19.0   30.3   26.7    5.5    0.0 -999.9 -999.9  330.0
gaillac 2013  7 16 197    13.9   34.2   28.0    6.3    0.0 -999.9 -999.9  330.0
gaillac 2013  7 17 198    18.0   25.9   14.3    3.8    0.0 -999.9 -999.9  330.0
gaillac 2013  7 18 199    12.1   31.3   29.1    5.7    0.0 -999.9 -999.9  330.0
gaillac 2013  7 19 200    12.5   33.9   28.7    5.8    0.0 -999.9 -999.9  330.0
gaillac 2013  7 20 201    13.6   34.6   27.5    5.6    0.8 -999.9 -999.9  330.0
gaillac 2013  7 21 202    18.6   24.3    8.8    2.5    1.8 -999.9 -999.9  330.0
gaillac 2013  7 22 203    16.9   23.4    9.0    2.0    5.0 -999.9 -999.9  330.0
gaillac 2013  7 23 204    16.4   26.8   19.9    4.2    0.0 -999.9 -999.9  330.0
gaillac 2013  7 24 205    12.0   26.8   25.4    4.7    0.0 -999.9 -999.9  330.0
gaillac 2013  7 25 206    15.8   25.8   21.4    4.7    0.6 -999.9 -999.9  330.0
gaillac 2013  7 26 207    16.8   26.9   15.7    3.3    0.6 -999.9 -999.9  330.0
gaillac 2013  7 27 208    15.4   32.0   26.6    5.4    0.0 -999.9 -999.9  330.0
gaillac 2013  7 28 209    14.8   32.5   26.2    5.3    0.0 -999.9 -999.9  330.0
gaillac 2013  7 29 210    18.4   26.1   15.5    3.7    0.0 -999.9 -999.9  330.0
gaillac 2013  7 30 211    15.3   28.7   26.0    5.1    0.0 -999.9 -999.9  330.0
gaillac 2013  7 31 212    13.6   33.9   26.9    5.4    0.0 -999.9 -999.9  330.0
gaillac 2013  8  1 213    15.4   26.1   12.0    2.6    2.0 -999.9 -999.9  330.0
gaillac 2013  8  2 214    17.9   21.7    5.4    1.2   12.0 -999.9 -999.9  330.0
gaillac 2013  8  3 215    15.3   26.7   19.5    3.8    0.0 -999.9 -999.9  330.0
gaillac 2013  8  4 216    15.3   26.0   16.7    3.4    4.8 -999.9 -999.9  330.0
gaillac 2013  8  5 217    15.9   24.4   24.2    4.6    0.0 -999.9 -999.9  330.0
gaillac 2013  8  6 218    11.3   27.0   26.6    4.7    0.0 -999.9 -999.9  330.0
gaillac 2013  8  7 219    11.4   32.1   26.6    4.9    0.0 -999.9 -999.9  330.0
gaillac 2013  8  8 220    14.7   31.1   25.9    4.9    0.0 -999.9 -999.9  330.0
gaillac 2013  8  9 221    14.8   29.9   19.4    4.0    0.0 -999.9 -999.9  330.0
gaillac 2013  8 10 222    14.1   29.8   24.5    4.6    0.0 -999.9 -999.9  330.0
gaillac 2013  8 11 223    13.7   28.6   21.8    4.3    0.8 -999.9 -999.9  330.0
gaillac 2013  8 12 224    18.2   27.8   21.3    4.2    0.4 -999.9 -999.9  330.0
gaillac 2013  8 13 225    13.8   25.7   19.1    4.0    0.0 -999.9 -999.9  330.0
gaillac 2013  8 14 226    14.1   26.1   21.0    4.3    0.0 -999.9 -999.9  330.0
gaillac 2013  8 15 227    14.2   24.2   18.5    3.4    0.8 -999.9 -999.9  330.0
gaillac 2013  8 16 228    10.0   26.6   23.3    3.9    0.0 -999.9 -999.9  330.0
gaillac 2013  8 17 229     9.7   30.0   25.3    4.3    0.0 -999.9 -999.9  330.0
gaillac 2013  8 18 230    12.1   28.3   19.1    3.4    0.0 -999.9 -999.9  330.0
gaillac 2013  8 19 231    14.0   33.8   19.5    4.1    0.0 -999.9 -999.9  330.0
gaillac 2013  8 20 232    20.0   34.5   22.5    4.7    0.0 -999.9 -999.9  330.0
gaillac 2013  8 21 233    16.5   37.6   23.8    5.0    0.0 -999.9 -999.9  330.0
gaillac 2013  8 22 234    17.3   38.9   23.3    5.4    0.0 -999.9 -999.9  330.0
gaillac 2013  8 23 235    20.9   32.4   21.1    4.7    0.0 -999.9 -999.9  330.0
gaillac 2013  8 24 236    18.1   27.1   15.4    3.3    0.0 -999.9 -999.9  330.0
gaillac 2013  8 25 237    11.6   34.3   23.6    4.4    0.0 -999.9 -999.9  330.0
gaillac 2013  8 26 238    16.6   41.6   21.8    5.5    0.0 -999.9 -999.9  330.0
gaillac 2013  8 27 239    17.8   32.5   21.6    5.6    0.0 -999.9 -999.9  330.0
gaillac 2013  8 28 240    18.4   26.7   19.1    4.1    0.0 -999.9 -999.9  330.0
gaillac 2013  8 29 241     8.0   27.0   23.7    3.8    0.0 -999.9 -999.9  330.0
gaillac 2013  8 30 242    10.1   25.5   22.3    4.1    0.0 -999.9 -999.9  330.0
gaillac 2013  8 31 243     6.2   29.1   23.8    3.8    0.0 -999.9 -999.9  330.0
gaillac 2013  9  1 244     8.1   31.7   22.8    4.1    0.0 -999.9 -999.9  330.0
gaillac 2013  9  2 245    11.2   29.8   18.2    3.4    0.0 -999.9 -999.9  330.0
gaillac 2013  9  3 246    15.2   30.1   19.8    3.8    0.0 -999.9 -999.9  330.0
gaillac 2013  9  4 247    10.8   29.2   19.4    3.5    0.0 -999.9 -999.9  330.0
gaillac 2013  9  5 248    10.7   33.1   21.8    3.7    0.0 -999.9 -999.9  330.0
gaillac 2013  9  6 249    12.6   29.8    9.7    2.4    1.4 -999.9 -999.9  330.0
gaillac 2013  9  7 250    18.4   23.8    8.5    1.9    4.8 -999.9 -999.9  330.0
gaillac 2013  9  8 251    12.4   23.4   15.1    2.8    2.6 -999.9 -999.9  330.0
gaillac 2013  9  9 252    13.3   24.1   15.8    2.9    0.2 -999.9 -999.9  330.0
gaillac 2013  9 10 253    10.9   26.5   20.3    3.2    0.0 -999.9 -999.9  330.0
gaillac 2013  9 11 254    11.0   30.5   19.9    3.3    0.0 -999.9 -999.9  330.0
gaillac 2013  9 12 255    10.1   27.6   14.4    2.8    0.0 -999.9 -999.9  330.0
gaillac 2013  9 13 256    11.1   25.8   18.6    3.2    0.2 -999.9 -999.9  330.0
gaillac 2013  9 14 257     7.4   27.8   19.9    2.9    0.0 -999.9 -999.9  330.0
gaillac 2013  9 15 258     9.4   31.5   20.1    3.2    0.0 -999.9 -999.9  330.0
gaillac 2013  9 16 259    10.0   18.5    6.5    1.2    2.8 -999.9 -999.9  330.0
gaillac 2013  9 17 260    14.3   23.6   12.6    2.2    0.8 -999.9 -999.9  330.0
gaillac 2013  9 18 261    13.5   22.6   11.5    2.2    0.8 -999.9 -999.9  330.0
gaillac 2013  9 19 262     5.1   23.0   20.2    2.5    0.0 -999.9 -999.9  330.0
gaillac 2013  9 20 263     5.9   29.2   18.5    3.0    0.0 -999.9 -999.9  330.0
gaillac 2013  9 21 264    13.0   25.8   12.5    2.3    0.0 -999.9 -999.9  330.0
gaillac 2013  9 22 265    11.3   31.3   18.0    3.1    0.0 -999.9 -999.9  330.0
gaillac 2013  9 23 266    10.9   26.4   11.0    2.2   10.6 -999.9 -999.9  330.0
gaillac 2013  9 24 267    14.3   21.1   10.8    1.9    3.2 -999.9 -999.9  330.0
gaillac 2013  9 25 268    13.4   18.9   10.2    2.0    0.2 -999.9 -999.9  330.0
gaillac 2013  9 26 269     6.6   17.1   14.8    2.0    0.0 -999.9 -999.9  330.0
gaillac 2013  9 27 270     5.1   18.6   14.3    1.8    0.0 -999.9 -999.9  330.0
gaillac 2013  9 28 271     5.2   20.8   15.8    1.9    0.0 -999.9 -999.9  330.0
gaillac 2013  9 29 272     5.1   23.2   17.2    2.0    0.0 -999.9 -999.9  330.0
gaillac 2013  9 30 273     7.8   17.5    6.1    1.0    0.2 -999.9 -999.9  330.0
gaillac 2013 10  1 274     7.9   24.5   14.5    2.0    0.0 -999.9 -999.9  330.0
gaillac 2013 10  2 275    11.2   26.3   13.8    2.6    0.0 -999.9 -999.9  330.0
gaillac 2013 10  3 276    13.2   26.4   14.4    4.1    0.0 -999.9 -999.9  330.0
gaillac 2013 10  4 277    13.4   22.6    5.2    2.1    5.6 -999.9 -999.9  330.0
gaillac 2013 10  5 278     9.9   23.4   15.8    2.0    0.0 -999.9 -999.9  330.0
gaillac 2013 10  6 279     9.6   26.8   14.5    2.1    0.2 -999.9 -999.9  330.0
gaillac 2013 10  7 280    12.5   25.6   15.5    2.9    0.0 -999.9 -999.9  330.0
gaillac 2013 10  8 281    12.3   26.5   13.9    3.0    0.0 -999.9 -999.9  330.0
gaillac 2013 10  9 282    13.4   25.0   15.0    3.1    0.0 -999.9 -999.9  330.0
gaillac 2013 10 10 283    14.5   19.5    2.2    0.8   45.4 -999.9 -999.9  330.0
gaillac 2013 10 11 284    13.8   17.9    3.9    1.2    1.4 -999.9 -999.9  330.0
gaillac 2013 10 12 285    10.5   24.7   11.8    1.8    0.0 -999.9 -999.9  330.0
gaillac 2013 10 13 286    11.6   21.5   12.9    1.6    0.0 -999.9 -999.9  330.0
gaillac 2013 10 14 287    10.4   17.5   10.5    1.2    0.0 -999.9 -999.9  330.0
gaillac 2013 10 15 288     6.1   10.8    4.0    0.7    0.2 -999.9 -999.9  330.0
gaillac 2013 10 16 289     2.9   11.5    4.0    0.6    0.0 -999.9 -999.9  330.0
gaillac 2013 10 17 290     7.2   12.6    8.9    1.2    0.0 -999.9 -999.9  330.0
gaillac 2013 10 18 291     5.1    8.3    3.1    0.9    0.0 -999.9 -999.9  330.0
gaillac 2013 10 19 292     1.8   14.1    5.5    0.9    0.0 -999.9 -999.9  330.0
gaillac 2013 10 20 293     7.6   16.7    9.7    1.0    0.2 -999.9 -999.9  330.0
gaillac 2013 10 21 294    -0.4   15.5   13.2    0.8    0.2 -999.9 -999.9  330.0
gaillac 2013 10 22 295     1.3   21.0   12.7    1.0    0.0 -999.9 -999.9  330.0
gaillac 2013 10 23 296     6.7   18.4    8.0    0.8    2.6 -999.9 -999.9  330.0
gaillac 2013 10 24 297     8.0   12.4    1.9    0.3   22.2 -999.9 -999.9  330.0
gaillac 2013 10 25 298     6.5   12.1    8.8    1.2    0.0 -999.9 -999.9  330.0
gaillac 2013 10 26 299     2.4   13.3   12.9    1.0    0.0 -999.9 -999.9  330.0
gaillac 2013 10 27 300    -0.4   17.5   12.2    0.6    0.2 -999.9 -999.9  330.0
gaillac 2013 10 28 301     2.6   19.4   12.0    0.7    0.0 -999.9 -999.9  330.0
gaillac 2013 10 29 302     3.6   22.1    9.5    1.6    1.6 -999.9 -999.9  330.0
gaillac 2013 10 30 303     9.0   16.3    6.5    0.8    0.2 -999.9 -999.9  330.0
gaillac 2013 10 31 304     7.1   17.7    6.0    0.8    4.2 -999.9 -999.9  330.0
gaillac 2013 11  1 305    10.1   17.7    6.2    0.8    2.4 -999.9 -999.9  330.0
gaillac 2013 11  2 306     8.7   16.1    9.1    1.0    0.0 -999.9 -999.9  330.0
gaillac 2013 11  3 307    12.1   16.1    2.9    0.5    1.0 -999.9 -999.9  330.0
gaillac 2013 11  4 308    11.0   17.7    5.0    0.6    0.0 -999.9 -999.9  330.0
gaillac 2013 11  5 309    14.4   17.5    3.6    0.6    0.0 -999.9 -999.9  330.0
gaillac 2013 11  6 310     9.9   16.6    3.9    0.5    0.4 -999.9 -999.9  330.0
gaillac 2013 11  7 311     7.9   13.5    6.2    0.6    2.4 -999.9 -999.9  330.0
gaillac 2013 11  8 312     3.5   10.1    2.1    0.4    9.4 -999.9 -999.9  330.0
gaillac 2013 11  9 313     8.0   13.1    3.5    0.9    1.6 -999.9 -999.9  330.0
gaillac 2013 11 10 314     8.3   11.7    2.8    0.8    0.2 -999.9 -999.9  330.0
gaillac 2013 11 11 315     2.8   13.3    5.9    0.3    2.6 -999.9 -999.9  330.0
gaillac 2013 11 12 316    10.4   16.7    2.3    0.5    1.2 -999.9 -999.9  330.0
gaillac 2013 11 13 317     6.8   20.7    9.7    0.3    0.0 -999.9 -999.9  330.0
gaillac 2013 11 14 318     6.0   21.4    7.0    0.5    5.0 -999.9 -999.9  330.0
gaillac 2013 11 15 319     6.7   12.8    3.9    0.4    1.0 -999.9 -999.9  330.0
gaillac 2013 11 16 320     5.4   11.2    6.2    0.3    0.0 -999.9 -999.9  330.0
gaillac 2013 11 17 321     0.5    8.3    3.1    0.2   11.2 -999.9 -999.9  330.0
gaillac 2013 11 18 322     5.7   11.5    3.9    0.3    1.6 -999.9 -999.9  330.0
gaillac 2013 11 19 323     4.0   13.9    6.4    0.2    0.0 -999.9 -999.9  330.0
gaillac 2013 11 20 324     2.4   11.5    2.7    0.3    3.6 -999.9 -999.9  330.0
gaillac 2013 11 21 325     3.9   11.0    3.5    0.3    9.2 -999.9 -999.9  330.0
gaillac 2013 11 22 326     7.1    8.3    2.0    0.3    0.0 -999.9 -999.9  330.0
gaillac 2013 11 23 327     4.3   10.1    4.0    0.3    0.0 -999.9 -999.9  330.0
gaillac 2013 11 24 328    -0.8    9.9    5.3    0.0    0.0 -999.9 -999.9  330.0
gaillac 2013 11 25 329    -1.5    7.9    2.3    0.3    4.0 -999.9 -999.9  330.0
gaillac 2013 11 26 330    -0.4    6.1    7.9    0.0    0.0 -999.9 -999.9  330.0
gaillac 2013 11 27 331    -3.3    6.0    3.2    0.1    2.6 -999.9 -999.9  330.0
gaillac 2013 11 28 332    -3.1    6.5    4.6    0.0    1.2 -999.9 -999.9  330.0
gaillac 2013 11 29 333    -3.4    8.1    7.6    0.0    0.4 -999.9 -999.9  330.0
gaillac 2013 11 30 334    -0.4   10.2    3.7    0.4    0.0 -999.9 -999.9  330.0
gaillac 2013 12  1 335     0.7    4.8    1.5    0.1    0.4 -999.9 -999.9  330.0
gaillac 2013 12  2 336    -4.8    4.1    6.1    0.0    0.6 -999.9 -999.9  330.0
gaillac 2013 12  3 337     0.5    4.0    4.6    0.2    1.2 -999.9 -999.9  330.0
gaillac 2013 12  4 338    -4.7    5.3    6.9    0.0    0.0 -999.9 -999.9  330.0
gaillac 2013 12  5 339    -0.2    9.2    1.5    0.3    0.8 -999.9 -999.9  330.0
gaillac 2013 12  6 340     6.6   12.9    3.0    0.2    0.4 -999.9 -999.9  330.0
gaillac 2013 12  7 341     3.8   20.8    6.1    0.0    0.2 -999.9 -999.9  330.0
gaillac 2013 12  8 342     3.9   20.2    6.5    0.0    0.2 -999.9 -999.9  330.0
gaillac 2013 12  9 343     3.0    9.0    4.6    0.3    0.0 -999.9 -999.9  330.0
gaillac 2013 12 10 344    -4.6    7.7    8.6    0.0    0.0 -999.9 -999.9  330.0
gaillac 2013 12 11 345    -4.5   11.0    8.2    0.0    0.2 -999.9 -999.9  330.0
gaillac 2013 12 12 346    -3.0    8.8    6.1    0.0    0.2 -999.9 -999.9  330.0
gaillac 2013 12 13 347    -5.6    6.8    7.2    0.0    0.0 -999.9 -999.9  330.0
gaillac 2013 12 14 348    -6.4    4.1    4.2    0.0    0.2 -999.9 -999.9  330.0
gaillac 2013 12 15 349    -4.8   -0.1    4.5    0.3    0.0 -999.9 -999.9  330.0
gaillac 2013 12 16 350    -3.5    5.8    1.6    0.3    0.6 -999.9 -999.9  330.0
gaillac 2013 12 17 351    -0.4    6.1    1.9    0.3    1.4 -999.9 -999.9  330.0
gaillac 2013 12 18 352    -5.6    6.9    8.2    0.0    0.2 -999.9 -999.9  330.0
gaillac 2013 12 19 353    -3.9    6.2    7.2    0.0    0.2 -999.9 -999.9  330.0
gaillac 2013 12 20 354    -1.7   11.8    5.3    0.0    0.2 -999.9 -999.9  330.0
gaillac 2013 12 21 355    -0.2   13.5    2.9    0.2    0.2 -999.9 -999.9  330.0
gaillac 2013 12 22 356     0.8   15.8    2.9    0.3    0.2 -999.9 -999.9  330.0
gaillac 2013 12 23 357     5.1    9.6    1.2    0.3   27.8 -999.9 -999.9  330.0
gaillac 2013 12 24 358     0.3    2.4    1.4    0.1    1.6 -999.9 -999.9  330.0
gaillac 2013 12 25 359    -0.9    0.4    1.4    0.6    0.0 -999.9 -999.9  330.0
gaillac 2013 12 26 360    -6.5    0.7    7.7    0.0    0.0 -999.9 -999.9  330.0
gaillac 2013 12 27 361    -6.3    8.3    5.9    0.1    0.0 -999.9 -999.9  330.0
gaillac 2013 12 28 362    -2.1   12.5    5.5    0.0    0.0 -999.9 -999.9  330.0
gaillac 2013 12 29 363    -1.8   14.0    5.3    0.0    0.2 -999.9 -999.9  330.0
gaillac 2013 12 30 364     1.0   13.0    3.8    0.3    1.8 -999.9 -999.9  330.0
gaillac 2013 12 31 365     5.7   15.0    4.9    0.2    0.0 -999.9 -999.9  330.0
